
=================Selection======================
[r.a, s.b, t.a, r.b, t.c, s.c]
0 0 0 0 0 0 
0 0 0 0 0 0 
0 0 0 0 0 0 
0 0 0 0 0 0 
0 0 0 0 0 0 
0 0 0 0 0 0 
0 0 0 0 0 0 
0 0 0 0 0 0 
0 0 0 0 0 0 
0 0 0 0 0 0 
0 0 0 0 0 0 
0 0 0 0 0 0 
1 1 1 1 1 1 
1 1 1 1 1 1 
1 1 1 1 1 1 
1 1 1 1 1 1 
1 1 1 1 1 1 
1 1 1 1 1 1 
1 1 1 1 1 1 
1 1 1 1 1 1 
1 1 1 1 1 1 
1 1 1 1 1 1 
1 1 1 1 1 1 
1 1 1 1 1 1 
1 1 1 1 1 1 
1 1 1 1 1 1 
1 1 1 1 1 1 
1 1 1 1 1 1 
1 1 1 1 1 1 
1 1 1 1 1 1 
1 1 1 1 1 1 
1 1 1 1 1 1 
1 1 1 1 1 1 
1 1 1 1 1 1 
1 1 1 1 1 1 
1 1 1 1 1 1 
2 2 2 2 2 2 
2 2 2 2 2 2 
2 2 2 2 2 2 
2 2 2 2 2 2 
2 2 2 2 2 2 
2 2 2 2 2 2 
2 2 2 2 2 2 
2 2 2 2 2 2 
2 2 2 2 2 2 
2 2 2 2 2 2 
2 2 2 2 2 2 
2 2 2 2 2 2 
3 3 3 3 3 3 
3 3 3 3 3 3 
3 3 3 3 3 3 
3 3 3 3 3 3 
3 3 3 3 3 3 
3 3 3 3 3 3 
3 3 3 3 3 3 
3 3 3 3 3 3 
0 0 0 0 0 0 
0 0 0 0 0 0 
0 0 0 0 0 0 
0 0 0 0 0 0 
0 0 0 0 0 0 
0 0 0 0 0 0 
0 0 0 0 0 0 
0 0 0 0 0 0 
0 0 0 0 0 0 
0 0 0 0 0 0 
0 0 0 0 0 0 
0 0 0 0 0 0 
1 1 1 1 1 1 
1 1 1 1 1 1 
1 1 1 1 1 1 
1 1 1 1 1 1 
1 1 1 1 1 1 
1 1 1 1 1 1 
1 1 1 1 1 1 
1 1 1 1 1 1 
1 1 1 1 1 1 
1 1 1 1 1 1 
1 1 1 1 1 1 
1 1 1 1 1 1 
2 2 2 2 2 2 
2 2 2 2 2 2 
2 2 2 2 2 2 
2 2 2 2 2 2 
2 2 2 2 2 2 
2 2 2 2 2 2 
2 2 2 2 2 2 
2 2 2 2 2 2 
2 2 2 2 2 2 
2 2 2 2 2 2 
2 2 2 2 2 2 
2 2 2 2 2 2 
0 0 0 0 0 0 
0 0 0 0 0 0 
0 0 0 0 0 0 
0 0 0 0 0 0 
0 0 0 0 0 0 
0 0 0 0 0 0 
0 0 0 0 0 0 
0 0 0 0 0 0 
0 0 0 0 0 0 
0 0 0 0 0 0 
0 0 0 0 0 0 
0 0 0 0 0 0 
1 1 1 1 1 1 
1 1 1 1 1 1 
1 1 1 1 1 1 
1 1 1 1 1 1 
1 1 1 1 1 1 
1 1 1 1 1 1 
1 1 1 1 1 1 
1 1 1 1 1 1 
1 1 1 1 1 1 
1 1 1 1 1 1 
1 1 1 1 1 1 
1 1 1 1 1 1 
1 1 1 1 1 1 
1 1 1 1 1 1 
1 1 1 1 1 1 
1 1 1 1 1 1 
1 1 1 1 1 1 
1 1 1 1 1 1 
1 1 1 1 1 1 
1 1 1 1 1 1 
1 1 1 1 1 1 
1 1 1 1 1 1 
1 1 1 1 1 1 
1 1 1 1 1 1 
2 2 2 2 2 2 
2 2 2 2 2 2 
2 2 2 2 2 2 
2 2 2 2 2 2 
2 2 2 2 2 2 
2 2 2 2 2 2 
2 2 2 2 2 2 
2 2 2 2 2 2 
2 2 2 2 2 2 
2 2 2 2 2 2 
2 2 2 2 2 2 
2 2 2 2 2 2 
3 3 3 3 3 3 
3 3 3 3 3 3 
3 3 3 3 3 3 
3 3 3 3 3 3 
3 3 3 3 3 3 
3 3 3 3 3 3 
3 3 3 3 3 3 
3 3 3 3 3 3 
0 0 0 0 0 0 
0 0 0 0 0 0 
0 0 0 0 0 0 
0 0 0 0 0 0 
0 0 0 0 0 0 
0 0 0 0 0 0 
0 0 0 0 0 0 
0 0 0 0 0 0 
0 0 0 0 0 0 
0 0 0 0 0 0 
0 0 0 0 0 0 
0 0 0 0 0 0 
1 1 1 1 1 1 
1 1 1 1 1 1 
1 1 1 1 1 1 
1 1 1 1 1 1 
1 1 1 1 1 1 
1 1 1 1 1 1 
1 1 1 1 1 1 
1 1 1 1 1 1 
1 1 1 1 1 1 
1 1 1 1 1 1 
1 1 1 1 1 1 
1 1 1 1 1 1 
2 2 2 2 2 2 
2 2 2 2 2 2 
2 2 2 2 2 2 
2 2 2 2 2 2 
2 2 2 2 2 2 
2 2 2 2 2 2 
2 2 2 2 2 2 
2 2 2 2 2 2 
2 2 2 2 2 2 
2 2 2 2 2 2 
2 2 2 2 2 2 
2 2 2 2 2 2 

=================Selection======================
[t4.c, t3.c, t6.c, t5.c, t2.c, t1.c]
0 0 0 0 0 0 
0 0 0 0 0 0 
1 0 0 0 0 0 
1 0 0 0 0 0 
0 1 0 0 0 0 
0 1 0 0 0 0 
1 1 0 0 0 0 
1 1 0 0 0 0 
0 2 0 0 0 0 
0 2 0 0 0 0 
1 2 0 0 0 0 
1 2 0 0 0 0 
0 3 0 0 0 0 
0 3 0 0 0 0 
1 3 0 0 0 0 
1 3 0 0 0 0 
0 0 0 0 1 0 
0 0 0 0 1 0 
1 0 0 0 1 0 
1 0 0 0 1 0 
0 1 0 0 1 0 
0 1 0 0 1 0 
1 1 0 0 1 0 
1 1 0 0 1 0 
0 2 0 0 1 0 
0 2 0 0 1 0 
1 2 0 0 1 0 
1 2 0 0 1 0 
0 3 0 0 1 0 
0 3 0 0 1 0 
1 3 0 0 1 0 
1 3 0 0 1 0 
0 0 0 0 2 0 
0 0 0 0 2 0 
1 0 0 0 2 0 
1 0 0 0 2 0 
0 1 0 0 2 0 
0 1 0 0 2 0 
1 1 0 0 2 0 
1 1 0 0 2 0 
0 2 0 0 2 0 
0 2 0 0 2 0 
1 2 0 0 2 0 
1 2 0 0 2 0 
0 3 0 0 2 0 
0 3 0 0 2 0 
1 3 0 0 2 0 
1 3 0 0 2 0 
0 0 0 0 3 0 
0 0 0 0 3 0 
1 0 0 0 3 0 
1 0 0 0 3 0 
0 1 0 0 3 0 
0 1 0 0 3 0 
1 1 0 0 3 0 
1 1 0 0 3 0 
0 2 0 0 3 0 
0 2 0 0 3 0 
1 2 0 0 3 0 
1 2 0 0 3 0 
0 3 0 0 3 0 
0 3 0 0 3 0 
1 3 0 0 3 0 
1 3 0 0 3 0 
0 0 0 0 0 1 
0 0 0 0 0 1 
1 0 0 0 0 1 
1 0 0 0 0 1 
0 1 0 0 0 1 
0 1 0 0 0 1 
1 1 0 0 0 1 
1 1 0 0 0 1 
0 2 0 0 0 1 
0 2 0 0 0 1 
1 2 0 0 0 1 
1 2 0 0 0 1 
0 3 0 0 0 1 
0 3 0 0 0 1 
1 3 0 0 0 1 
1 3 0 0 0 1 
0 0 0 0 1 1 
0 0 0 0 1 1 
1 0 0 0 1 1 
1 0 0 0 1 1 
0 1 0 0 1 1 
0 1 0 0 1 1 
1 1 0 0 1 1 
1 1 0 0 1 1 
0 2 0 0 1 1 
0 2 0 0 1 1 
1 2 0 0 1 1 
1 2 0 0 1 1 
0 3 0 0 1 1 
0 3 0 0 1 1 
1 3 0 0 1 1 
1 3 0 0 1 1 
0 0 0 0 2 1 
0 0 0 0 2 1 
1 0 0 0 2 1 
1 0 0 0 2 1 
0 1 0 0 2 1 
0 1 0 0 2 1 
1 1 0 0 2 1 
1 1 0 0 2 1 
0 2 0 0 2 1 
0 2 0 0 2 1 
1 2 0 0 2 1 
1 2 0 0 2 1 
0 3 0 0 2 1 
0 3 0 0 2 1 
1 3 0 0 2 1 
1 3 0 0 2 1 
0 0 0 0 3 1 
0 0 0 0 3 1 
1 0 0 0 3 1 
1 0 0 0 3 1 
0 1 0 0 3 1 
0 1 0 0 3 1 
1 1 0 0 3 1 
1 1 0 0 3 1 
0 2 0 0 3 1 
0 2 0 0 3 1 
1 2 0 0 3 1 
1 2 0 0 3 1 
0 3 0 0 3 1 
0 3 0 0 3 1 
1 3 0 0 3 1 
1 3 0 0 3 1 
0 0 0 0 0 2 
0 0 0 0 0 2 
1 0 0 0 0 2 
1 0 0 0 0 2 
0 1 0 0 0 2 
0 1 0 0 0 2 
1 1 0 0 0 2 
1 1 0 0 0 2 
0 2 0 0 0 2 
0 2 0 0 0 2 
1 2 0 0 0 2 
1 2 0 0 0 2 
0 3 0 0 0 2 
0 3 0 0 0 2 
1 3 0 0 0 2 
1 3 0 0 0 2 
0 0 0 0 1 2 
0 0 0 0 1 2 
1 0 0 0 1 2 
1 0 0 0 1 2 
0 1 0 0 1 2 
0 1 0 0 1 2 
1 1 0 0 1 2 
1 1 0 0 1 2 
0 2 0 0 1 2 
0 2 0 0 1 2 
1 2 0 0 1 2 
1 2 0 0 1 2 
0 3 0 0 1 2 
0 3 0 0 1 2 
1 3 0 0 1 2 
1 3 0 0 1 2 
0 0 0 0 2 2 
0 0 0 0 2 2 
1 0 0 0 2 2 
1 0 0 0 2 2 
0 1 0 0 2 2 
0 1 0 0 2 2 
1 1 0 0 2 2 
1 1 0 0 2 2 
0 2 0 0 2 2 
0 2 0 0 2 2 
1 2 0 0 2 2 
1 2 0 0 2 2 
0 3 0 0 2 2 
0 3 0 0 2 2 
1 3 0 0 2 2 
1 3 0 0 2 2 
0 0 0 0 3 2 
0 0 0 0 3 2 
1 0 0 0 3 2 
1 0 0 0 3 2 
0 1 0 0 3 2 
0 1 0 0 3 2 
1 1 0 0 3 2 
1 1 0 0 3 2 
0 2 0 0 3 2 
0 2 0 0 3 2 
1 2 0 0 3 2 
1 2 0 0 3 2 
0 3 0 0 3 2 
0 3 0 0 3 2 
1 3 0 0 3 2 
1 3 0 0 3 2 
0 0 0 0 0 3 
0 0 0 0 0 3 
1 0 0 0 0 3 
1 0 0 0 0 3 
0 1 0 0 0 3 
0 1 0 0 0 3 
1 1 0 0 0 3 
1 1 0 0 0 3 
0 2 0 0 0 3 
0 2 0 0 0 3 
1 2 0 0 0 3 
1 2 0 0 0 3 
0 3 0 0 0 3 
0 3 0 0 0 3 
1 3 0 0 0 3 
1 3 0 0 0 3 
0 0 0 0 1 3 
0 0 0 0 1 3 
1 0 0 0 1 3 
1 0 0 0 1 3 
0 1 0 0 1 3 
0 1 0 0 1 3 
1 1 0 0 1 3 
1 1 0 0 1 3 
0 2 0 0 1 3 
0 2 0 0 1 3 
1 2 0 0 1 3 
1 2 0 0 1 3 
0 3 0 0 1 3 
0 3 0 0 1 3 
1 3 0 0 1 3 
1 3 0 0 1 3 
0 0 0 0 2 3 
0 0 0 0 2 3 
1 0 0 0 2 3 
1 0 0 0 2 3 
0 1 0 0 2 3 
0 1 0 0 2 3 
1 1 0 0 2 3 
1 1 0 0 2 3 
0 2 0 0 2 3 
0 2 0 0 2 3 
1 2 0 0 2 3 
1 2 0 0 2 3 
0 3 0 0 2 3 
0 3 0 0 2 3 
1 3 0 0 2 3 
1 3 0 0 2 3 
0 0 0 0 3 3 
0 0 0 0 3 3 
1 0 0 0 3 3 
1 0 0 0 3 3 
0 1 0 0 3 3 
0 1 0 0 3 3 
1 1 0 0 3 3 
1 1 0 0 3 3 
0 2 0 0 3 3 
0 2 0 0 3 3 
1 2 0 0 3 3 
1 2 0 0 3 3 
0 3 0 0 3 3 
0 3 0 0 3 3 
1 3 0 0 3 3 
1 3 0 0 3 3 
0 0 0 0 0 4 
0 0 0 0 0 4 
1 0 0 0 0 4 
1 0 0 0 0 4 
0 1 0 0 0 4 
0 1 0 0 0 4 
1 1 0 0 0 4 
1 1 0 0 0 4 
0 2 0 0 0 4 
0 2 0 0 0 4 
1 2 0 0 0 4 
1 2 0 0 0 4 
0 3 0 0 0 4 
0 3 0 0 0 4 
1 3 0 0 0 4 
1 3 0 0 0 4 
0 0 0 0 1 4 
0 0 0 0 1 4 
1 0 0 0 1 4 
1 0 0 0 1 4 
0 1 0 0 1 4 
0 1 0 0 1 4 
1 1 0 0 1 4 
1 1 0 0 1 4 
0 2 0 0 1 4 
0 2 0 0 1 4 
1 2 0 0 1 4 
1 2 0 0 1 4 
0 3 0 0 1 4 
0 3 0 0 1 4 
1 3 0 0 1 4 
1 3 0 0 1 4 
0 0 0 0 2 4 
0 0 0 0 2 4 
1 0 0 0 2 4 
1 0 0 0 2 4 
0 1 0 0 2 4 
0 1 0 0 2 4 
1 1 0 0 2 4 
1 1 0 0 2 4 
0 2 0 0 2 4 
0 2 0 0 2 4 
1 2 0 0 2 4 
1 2 0 0 2 4 
0 3 0 0 2 4 
0 3 0 0 2 4 
1 3 0 0 2 4 
1 3 0 0 2 4 
0 0 0 0 3 4 
0 0 0 0 3 4 
1 0 0 0 3 4 
1 0 0 0 3 4 
0 1 0 0 3 4 
0 1 0 0 3 4 
1 1 0 0 3 4 
1 1 0 0 3 4 
0 2 0 0 3 4 
0 2 0 0 3 4 
1 2 0 0 3 4 
1 2 0 0 3 4 
0 3 0 0 3 4 
0 3 0 0 3 4 
1 3 0 0 3 4 
1 3 0 0 3 4 
